spawn:
  world: world_2
  x: -11.42385734422512
  y: 77.0
  z: 110.43234058576556
  yaw: -89.245056
  pitch: -1.0499924
firstspawn:
  world: world_2
  x: -11.42385734422512
  y: 77.0
  z: 110.43234058576556
  yaw: -89.695404
  pitch: -0.44996703
